184

Δ. 0. N. 0.

2088 0001. 802
2088 ,, 080

2088 „ 303 ,

2082 0000. 0). 2. 02
2008 ,, 0. 8. 02
2084 ,, D. 4. 13
2008 8000. 000
2096 Auct. D. 4. 12
2008 ,, D.1. 13
2080 8800. 002
2000 ,, 008
2000 ,, 004
2002 ,, 808
2004 4000. D. 20
2008 ,, D. 24
2008 8800· 228
2000 ,, 800
2008 ,, 404

1. 8011018008.

Δ. Ο.

, 2088

2109 Auot. D. 2. 13 -

2000 ,, 0. 0. 00
2000 ,, 0). 8. 00
2002 ,, D. 2. 00

2000 ,,0.0.4 .

2115 „ D. 1.2
2116 „ Ι).2. 10
2117 „ D. 15
2118 „ D. 3. 13
2119 80011228
2120 „ 229
2121 „ 310
2122 „ 311
2123 „ 312
2128 „ 267
2129 „ 314
2130 Auot. 91001088
2132 „ D. l.9
2133 ,, D. 1. 12
2134 „ Ι).3. 10

2080
2088
2088
2040
2040
2048
2048
2008
2080
2082
2080
2088
2080
2080
2088
2000
2080

2172 .

2173
2176
2177
2178
2181
2182
2186
2187
2193
2194
2195
2202
2203
2204
2205
2206
2207
2208
2209

11. 0.

9001167
,‚ 610
„ 611
,‚ 612
„ 495
„ 613
010001. 9. 5. 27
π 9. 6.2
„ 9519
„ 9.6.4
„ 9. 5. 12
Βο011. 623
‚'‚ 496
„ 497
„ 498
„ 502
Αο001.9.3.3
„ 9. 5. 15,
‚‚ 9. 2. 19
,, 9. 2. 18
‚‚ 9. 4. 32
„ 9.3. 13
„ 9. 59
Bodl. 512
‚‚ 521
Auet. 9. 2. 20
„ 9. 4. 33
‚, 9.5.8
Bodl. 520
1880. 00. 8. 8.
90011. 381
„ 382
,, 582 -
„ 642
„ 383
„ 525
Auct. D. 3. 15
110011. 384

 

