11. 011311311113111.

v31201011111ss 4101· 11011030111113011, 11313113 113311 1311131131
1311111ηῆ wardon.

0

30, 31, 33, 34, 232, 230, 233, 210, 313-313, 310, 323, ,
324, 321-323, 331, 333-343, 342-344, 343-331, 333; 331
33 313, 331-334, 1333, 1100, 1103,1104, 1113, 1110,1113,
1133, 1233, 1213, 1333, 1333, 1334, 2013, 2022, 2324, 2323
mmmmmmmmmm
2103, 2113, 2110, 2130, 2131, 2141, 2143, 2133, 2130, 2233
2233, 2233, 2211, 2332-2333, 2334, 3033, 3130, 3203, 3333,
33321, 3331, 3334, 3333, 4313, 4313, 4332-4333, 4030, 4040,
4031, 4130, 4131, 4113, 4111, 4113, 4103, 4231, 4442, 4010,
4013, 4023-4023, 4023-4333, 4033-4333, 4341-4332,
4334, 4333, 4331-4313, 4331-4123, 4121333314123, 4133
33 4133, 4133, 4343, 3043, 3113, 3433, 3431, 3323, 3321, 3331,
3333, 3333, 1331-1332, 3030, 1131, 3133, 11331331, 3331,
Qmfflffimmmmmm
3133,13113133431333313331, 13411, 13433, 13433, 13333,
11003, 11312, '11003, 12333, 12421, 12433, 12431, 13323,

13133, 13342, 23333, 23114, 21133-21234, 21222, 21223 33
21221, 21223, 21230, 21133, 21313, 22333, 23323, 23333,Ι
24133, 24433, 23233, 23311, 23333, 23311.

 

