VII. Abhandlung: H. Schenkl.

XV; 106616 111, 14264 111,
18063 11, 2203, 50 111, 2211,
6 111, 2605, 5 111, 25363 1111,
268611 111, 272651111, 2058,
16 111, 3248, 23 111, 36562
111, 36060 111, 31564 111,
4308, 22 1111, 432611 11, 4401,
22111, 441620 111.

115 cantico novo 5064 ΧΗ,
64628 11, 266610111, 3633,
4 111, 33761 111, 45662111.

115 quarta ferie hebdomadae
maioris 65681Π, 266615 1111,
45563111.

115 cataclysmo 47611 11Π1,
5063 111,· 2203, 50 111, 2665,
11 111, 26066 111, 3633,3
111, 452610 11, 45664 XII.

De tempore barbarico 657, 7,
0 116 120610 116 220651 111,
2666, 23 111, 27262 111, 3370,
2111, 440626 111, 45665 111.

115 excidio urbis Romae 476,
20 1111, 470, 24 111, 266625
1111, 32467 111, 4636611.

Ad quaestiones Orosii 32621
111, 47615 1111, 48611 111,
56612 111, 6665 111, 5763
111, 0060111, 14561 111, 2180,
11 111, 22163111, 2331, 13 111,
26866 11, 27166 1111, 3235,
3 1111, 33566 111, 36560 1111,
37465 16 37662 116 37861
111, 41863 1111, 41863 111,
43861 1111, 130616 1111, 4103,
7 111, 4413, 30 111, 444621
111, 456610 111, 40361 xlv.

De 655 ad Petrum 223 11,
4761 1111, 47610 1111, 48623
111, 5661 111, 62611 111,
1066211, 1066411, 11563
111, 12164 111, 227630 11
(1116), 24565 111, 24861111,
27164 1111, 28060 111, 3218,
34 111, 4308, 38 1111, 44165
111, 44163 1111, 44167111,
41462111, 44864 1116 4735

11 (1115), 488613 11, 40261
XIV.

De spiritu 51 anima 3566111,
35612 111, 3862 116 18610
111, 5662 111 , 6263 1111,
730 111, 8065 1111, 181011,
2276011, 2383 111, 2433111,
258623 11, 26063 111, 2607,
4111, 2716111111, 272621111,
30267111, 31664 111, 3248,
36 111, 32061 1111, 38762
111, 42462 111, 43266111,
441637 111, 46262211, 4607
2111, 462611Π, 46661111,
46061 1Π1, 48562 11, 1064
11.

115 amicitia 10761 111.

1151555115111 dilectionis 2581,
1111, 2681,17 111, 11164
111, 46266 111.

Dediligendo Deo (1155115ῑί5551)
43624 111, 1066111, 16661
111, 220637 111, 23163111,
1155111116 11565 16 1155
3 111, 3248, 31 111, 33361ῖ
XV; 164612 11Π.

11551111155513663 111, 1066
5 (e) 1, 1111, 11 11, 1551, 15
1111, 26465 1111, 2716 111,
276631111, 28365 111, 3060,
15) 111, 15555) xv; 3134,1
111, 43267 11, 4487 1111,
11166 15515 xv.

115 igne purgatorio 4886, 1411.

Manuale 6261 111, 10661
11, 10763 11, 31360 11,
4624 11, 4030 11.

Speculum peccatorum 1020
111, 23164 11, 26063 116
26061 111, 2806101111, 3335,
411, 33361312) 111, 36167
111 (1151511551).

115 gaudie electorum 51 sup·
plicio damnatorum (55 111551111-
511555115, 1.1)115511)151,1 xm:
446‚4 111, 4565 116 1515
111, 5761411, 646111, 900,

 

