Bibliotheca patrum latinorum Britannica XIII. 11

De moribus ecclesiae et mori·
bus Manichaeorum 47813 1111,
627, 11 1Ι7, 62818117, 2216,
11111, 227817 17, 272817
117, 2729, 20 11Π, 2737,1 1111,
2841,13 1111, 2934, 7 117, 3248,
immmffissmmw
XIV; 4411, 6 117, 44285 1111,
448826 117, 45282 17, 4920,
1117.

Regulae 3682 117, 4382
1111, 1497 117, 2191, 9 117,
22787111, 27981 1111, 2829,
7 11Π, 2960111, 33088 117,
3248, 9 117, 3251,6 117, 3340,
lwfflmmffimssm
mmmfflfflffimwz
4117, 41983 11111, 44288117,
464811 1111, 4626 111, 46283
XII.

Epistulae. Sammlungen 511
117, 6481 ΧΠ, 10981 17,
1390111, 203812 11, 2264 XII
ffiwmmmfflmwi
xfflmmfflmmmm
3006 (L.) 17, 32482 117, 3417
1718), 4271 111, 4405111- -
v. Hieronymus (Epistulae).

Einzelno 24121811 X. 25
4487 117, 2666, 34 117, 2684,
13 XIV. 27 12189 1. 29 1885,
10 711131 121810 X. 36 3654,
7 XII. 37 2207,7 XIV. 43, 45
mmwxmmwm.
64 4486 117, 46810 111, 627,
14 117, 906,6 117, 1348417,
2665, 23 117, 2684, 10 117, 2746,
4111Π, 2889, 131111, 2958, 20
117, 3248, 8 117, 4590, 2 XI.
65 13485 XV. 92 28889 1111.

109 34187 XV. 117, 118
4918· XIII. 127 47818 1111,
2666, 35 117, 365818 1111,
44886 1111, 49288 XIV. 130
476, 24 11Π, 0383 11, 2203,
3117, 324838 117, 37486
11, 37688 111, 43586 111,

&mmmmmwmw
mmmmfflfflmm,
&mmmssmmfflm
fflmwmfflmmmw
mmmmmmmfflm
mmmwmmmm3
fflwfflfflQfflMffiss
Xffiffldfflwmffiffi
fflfflfflwfflwfflfflQ
ummmmwmffi;
fflfflanwfflmffl

mmmmffimmmi'

17, 3248, 30 117, 4308, 29 11111,
mmmmmfflmm,
omfflQsswmmm
XIV. 162 2665, 36 117. 153 627,
25 117, 2666, 32 1117, 43888
XIV. 166 28988 XI. 173 2684,
81117. 174 29981 XI. 185 1878,
6111. 18747861111,627,10
117, 10684 17, 28486 111,
37684 111, 41982 1Π,4254,2
1111, 44085117, 444819 111,
46281617, 45689 117, 4860,
2 111, 49281 XII. 187 3608, 21
111 (l). 189 43888 117.

mmmmmwmmw
112043828811111.2894681111Ιί,
210 44285 XIII. 214, 215 491, 26,
30117, 66886117, 43881811
1111, 4620, 30 17, 45685 XIV.
226, 226 = 6589 117, 2866, 3
ΧΠ, 3692, 12, 13 11111, 3709, 5,6
1, 43881813 XIII. 238 46282*
1111. 2504689111, 24884* XII.
260 121816 Χ. 262 18986 ΧΙ,
26889 XIV.

Zwei Briele, von 8001661618Ρ
herausgeg. 1210, 5,6 X.

Epistulae Append. Maur. 18,
wfflmwfflmffiffll
1816 117, 6483 17, 10284
XV; 1830 1ΠΙ, 1907, 3-4 1117,
227816 117, 2319117, 27382
17, 27783 1111, 3248, 39, 40

,mfffflmffiwwme

mmmmwfiww5

 

