412 R. 14. 49
413 Β. 1445
414 Β. 10. 23
415 Β. 11. 24
416 Β. 1431
411 Β. 1438
418 B. 138
419 Β. 16.31
420 Β. 1450
421 Β. 1.39
422 11 14. 22
423 11111
424 Β.14. 11
425 Β. 16. 39
426 Β.14. 18
421 Β. 131
428 Β.10. 11
429 Β.15.38
430 R. 110
431 Β. 131
432 B. 1. 32
433 R. 15. 35
434 Β. 133
435 Β. 134
436 Β. 135
431 B. 1. 36
438 R. 835
439 R. 4. 34
440 Β. 16. 32
441 Β. 2.15
442 R. 9.18
443 Β.10. 18
444 Β.,14.48
445 R. 1. 28
446 R. 3. 51
441 R. 928
448 B. 142
449 Β. 143
450 Β. 14. 35

111. 1. conbzidge. Trinity colluto.

451 Β. 14. 36
452 R. 3. 46
453 B. 140
454 B. 14. 31
455 R. 113
456 R. 114
451 Β.11.23
458 Β.14. 8
459 1115. 13
460 Β. 125
461 Β. 15. 36
462 R. 920
463 Β. 129
464 Β. 1.30
465 Β.11. 18
466 R. 112
461 Β. 126
468 R. 429
469 Β.11. 8
410 R. 5.19
411 Β. 2. 5
412 B. 14. 25
413 Β. 15. 26
414 Β. 15. 25
415 B. 16. 36
416 B. 14. 6
411Β. 1. 1
4188. l.44
419 R. 3. 56
480 B. 16. 34
481 R. 3. 23
482 Β.10. 21
483 Β.14. 19
484

485 R. 14. 28
486 Β.14.52
481Β. 145
488 R. 16. 1
489 Β. 10. 9

1111
1111
1111
1111
41111
1114
1611
1711
m 2

1113
1111
1111
1111
1111
1118
1111
1111
1141
1111
maan
1111
1111
1141
1111
1111
1119
mamm
WRal
1111
5111
1119
1111
1111
maan
mRm2
1111
mamm
wkm1
1111

13

529, Β. 1.21
530 Β.11. 36
531 B. 14. 42
532 R. 3. 3
533 Β.1443
534 Β.15. 6
535 Β. 15. 1
536 Β. 1451
531 B. 15. 9
538 Β.15. 12
539 1114. 52
540 R. 8. 2
541 R. 8. 4
542 R. 810
543 R. 8.11
544 R. 8. 3
545 R. 9. 2
546 R. 9. 3
541 R. 1. 9
548 Β. 1433
549 Β.16. 33
550 fehlt
5511111. 3
5521111. 4
5531111. 5
554 R. 5. 2
555 Β. 10. 2
556 1
551Β. 3. 1
5581115. 3
559 R. 5. 20
560 R. 16. 25
561111631
562 Β. 2. 21
563 R. 16. 26
564 Β. 10. 1
565 Β.11. 4
5661115. 4
561 1

 

