Bibliotheca patrum latinorum Britannica. XIII. 47

2547 11, 25521 111, 280011,
28821 111, 27201111,1 28821 1
111, 292811, 2948, 3 111, 3260,
4111, 3880 ΧΠ, 42521111, 4388,
9111, 44521 11, 45221 11,
4542, 10111, 4570111, 4851111,
4727,1 XV. - Exc. 9522 1111,
10522 111, 1588111, 2537, 3,4
111, 3039 111, 48422 XV. -In
Homiliaren 355, 65 11, 4322, 55,
82 XII. -· In (1044011. 1830111.
HomiIiae In Evangelia 2922
111, 4922 111, 502 111, 504,
2 111, 521 11111, 533,1 1111, 553
111, 557 111, 595 111, 8528
11,888111, 7822 1111, 1074
11, 1111 1111, 1359111, 1577
1111, 18341111, 19201111, 2097
111, 2545111, 25523111, 2639
111, 2671,2111, 2775 11, 2835,
2111, 28723111, 29422 1111,
8039111, 82322 1ΠΙ, 3251 111,
38425 111, 37241111, 4097,1
111, 4180,1 1111, 4347 111,
44221 11, 4430111, 4504 11,
4528,211Π, 45781111, 4813111,
4874 1111 (1), 4888 11.-’1440-
141414 ox omeliis Gregorii 414211
11, 48422 11. - ln HomIliaren
30144· oft - Hom. 1 1743,11ΠΙ,
2822151111, 28822 111, 4320,
133 11, Hom. (10 t. III. - 2 3813,
4 111, 432284 11, 43824511,
110441. (10 1. LXIV. - 3 1842, 25 1,
2582, 29 1, 4322, 88 111, 4380,
28 11, 4817, 38 11, Ηο441.(10 8.
XXXIV. - 4 4322, 74 111, Hom.
(10 81211. —- 5 183011, 1743,
271111, 2582, 55 1, 432270111,
438214011, 4817, 34 11, Hom.
(10 8.11. - 8 183011, 17422
1111, 28824 111, 2822151111,
88122 111, 4322134 11, 110414.
(Io 1. V. — 7 17423 1111, 2889,
7 111, 3813,5111, Hom. (10 1.

¹ [21222 14414.

1111- 8 1743,171ΠΙ, 25228
11, 286217 111, Hom. (12 41114111.
- 9 17421031111, 2582, 75 1,
4214, 41 14444, 4322431444, 4340
98 11, 48121411, 110444. de S.
41414141. κ 40 4143, 24 1444,
282219 1111, 4320, 47 111, 4386,
20 11, Hom. (14 t. XLVIII. - 11
4442, 24 14, 4303, 23 14, 244243
1, 4274, 20 1111, 4322, 92 XII;
43424214, 44421 414.-42 4442,
2314, 4143, 4041444, 2421, 43 144,
24424211, 2402421444, 4322, 33
111, 4382134 11, 4817,8 111,
Hom. (13 8101.- 13 1909,18 11,
258280 1, 4322, 60 111, 4380,
96111, 481221 11, 110414. (10 S.
LXXXVIII. - 1425221111, 1842,
191, 2561,161, 432277 111,
4380, 15 11, Hom. (10 t. CXXXVII.
- 15 Hom. (10 1. LXI (8.110444. 28,
von der (144 114441. Anfanges 14411104
15 nicht zu untorscheiden 141).
- 18 17424 1111, 4320, 88 11,
438248 11, Hom. (10 1. LXXII.
- 17 2582, 50 11, 4322, 83 1111,
438233 11, Hom. (10 S. LX. -
18 4022, 9 ΧΙ, 4112211011, 4386,
8611, Hom. (10 t. CV. - 19 4320,
8011, 43824111, 1104114144 1.
LIX. - 20 10125 1111, 268212
111, 4320, 135 11, Hom. (10 1. 11.
- 21 355,1 11, 184241, 1743,
51111, 25825 1, 8289, 1⁰ 1111,
432248111, 48825 11, Hom.
(10 1. (11111. - 22 355,1511,
2432431441, 24424414, 2330,
11111, 432288111, 43821211,
110444. (10 1. CXXXIII. - 23 3524
144, 3324 44, 44424 44, 24423
1, 299214111, 432255 111,
43827 111, Hom. (10 1.(1111. -
24 3423 144, 444240 14, 2444,
11 1, 4822441111, 4382911,
Ηο414.410 1. CXXIX. - 25 355, 11

 

