1968 (39) ⁸

1969 (49)
1999 (41)
9999 (49)
1999(4 9)
1999 (44)
1994 (49)

199949 9)....

1999 9)
1999 )

1999(

(4
1999(
9991 (
1
1

1982 .. ..
1983 .. ..

1985

1986 . .. .

48
4
5
5
0
5
5
5
5

1981

1988 5 .. ..
1989 . .. .
1991 .. ..

1993
1994

1
1
1
9999(
1

9
l
9
3
4
6
9
8
9
60
09
64
00
1
8

1
1
1
1
1
1
1

9991 9
9999 9
9991(9
200210 41

9
21

4944941).....

) 9499) 9999 )
1

. Β.2.1

14

1

3

1

1

1

1)””’
9

9999994( ..
1

111. 9099911939. Pembroke Collega.

999 9994(99)..... .. ·
· 941949 9999 99)
...999

9999 99)

ζ...94.9 999999)......’.
...991 999999)

1
1
99(9) 9999191)..... s.
9999) 9919(99)..... ..
1
1
1

...944 9999 99)

9. 99 9919 94)

...99(9) 9919 99)
999499)... ··

D. 99
9. 94
9. 99 9999 99)
9. 94 9999 (99) .
999 9919(99)..... ..
9. 91 9919199)
9. 99 991991)

9914 999999() .
999 9991(99).... ..

D. 99 99949 9)

Ο.3.13

1).83 9097

(99) ..... 1
1

,9991 9999199)..... ..
9919 9999 991)..... ..
9919 9999 (999) .
9999 9991199)..... ..

9. 919 9999 194)

1
991111 .
949 9999199).......

.....9.9.19 9999199..’... ..

9 .....9.9.99999(199)

919 9999 111)
949119)
119)

999
999
9. 99 9949994) .
9419 9949119).......

(9
1
1
1
999 99991199..... s.
20351
2003
9041(
1

 

