76 711. Abhnndlnng: H. Schenkl.

44629 87, 4711, 47168111, 4786
87, 4844 87. - Paris 1160, 1 XV.

71116116 lingua 1111. 896 87, 8004
87. - Proverbia 3³86,16 XV;
4741,4 XIV.

Vegetius 88987, 840,2 87, 841,2
817, 887811, 888 87, 906,2
1117, 18414817, 2018111, 2039
811, 2406 817, 2669, 8 1117, 2686,
1 817, 2961,2 817, 82281, 8886,
787, 3668817, 46278111, 4711.

venantius Fortunatus 101,1,2 11,
221,3 8, 272618, 661,1 811,
687,12 811, 1199,8 81, 1924,6
81, 2066, 8 11, 2626, 6 811 ((1166.
1111611), 2746, 7,8 18, 2896,4
87, 811881, 8812,161111, 3894,
IXIII.

Vergeriun 116 ingenuis moribus 10,1
87, 20,4 87, 3884,1 87.

Vergilius, 866, (166. Aen. 62 817 u.
ΧΠ, Ι’64 87, 179 87, 814 87,
817 111, 868 87 (61616), 1207
XV; 12241117, 1886 XV; 1688
1117, 2604811, 2606 87, 2647
87, 2676,1 811, 8014 87, 8179
87, 8478811 (mit 8611161) 8476
1 1117, 8476 1117, 8481 87 (8.),
461818, 4616,1 811, 4646 87,
4722 XIV (8.), 4806 XVI. - 8116.
Aen. 8862 87, 84771117. - Bne.
Geo. 177 87, 178 87, 808,8
11111, 910,1,2 87, 918 XV;
1498 87, 2016, 2,8 817, 4489,
6 XIV. -·- Bne. 1981 817, 8604,
2 117. - 1166. 41 117, 42 87,
807, 111, 8106 811, 8474 87, 3477
817, 8480817, 86042 XV. -
Aen. 68 1117, 148 XV; 149 117,
160 87, 161 8Π, 868187, 898
817, 394 87, 808,9,118111, 816
8111, 81687, 869,2 811, 1128
87, 1129117, 1276 87, 1298
87, 1828811, 1496 87, 1627
87 (61. 8., Donatus 61 1611611166),
1908 87, 2826 87, 2332 ΧΠ,
28631111, 80181 817, 8021,2

811, 8169817, 8196817, 8474
87, 8478 XII; 84798111, 8480
817, 4489,9 817, 48219 XV;
4844 XIII. ·- Culex, 111116, ht 61
6611,711 166111,86116 808,6 XIII.
-0661808,681Π, 1688817.-
1111661 186,3 87 (die ganne
Samminng); 1686,1117, 8666,2
XV. - Horetum 808, 6 8111, 910,
6817, 1818,2 87, 86862 87.
- Epigrammata 808,9 XIII. —
6161611111, 1161111, 616,
8 817, 2764, 22, 24 81Π, 2864,2
XII. — comm. in [Iolog. 8020,6 XI.
— ,11161111 166 6611611ι 869, 4 XII.

-7616116 lapido 16116166 814
XVII.

Vergilii 11116611 (1111661. 1161166116

11116 xv.

7611111.

A 61661 611 numeri 687,8 XII.
A 166 principium 2066,1 81.
166166 2816,9 817.
Ad 16116 1161126888 817.
Ad 61111116 8807,811 XII.
Ad 161161 (661161) 684, 2 817, 2990,
2 XII.
Adam primm 1161116 2799,2 87.
Adventum ebrini 474,2 87.
Angit 111161 20818 XII.
1661111616 6616 2788,8 8111
Anglii quo fulget 4066,6 XIII.
Anglii 1611116111 471, 4 87, 2867,
8 8111.
Annn 6661111111 2446,11 XIV.
1616 6616166161616 8020,8 XI.
16616111 1166 munus 4066,8 XIII
Ardua virtutum 870,6 XV.
Audit quod 1166 vult 2600, 6 XIII.
Ave 6161 166166*166,11 87.
1611111661 1116114282 817.
Bis 161 millenos 1767,2 XIV.
0111111111 ardore 1041,2 XII.
06111661 61616111 Imm XIL
cespitat 16 61116111 2741,4 XIII.
Circumeiwn Adam 42821 xlv.
011616161611116111116 2849, 4 811.

 

